{
  "cells": [
    {
      "cell_type": "markdown",
      "metadata": {
        "id": "view-in-github",
        "colab_type": "text"
      },
      "source": [
        "<a href=\"https://colab.research.google.com/github/vladislavean/siaod/blob/main/Lab1/Copy_of_Lab1.ipynb\" target=\"_parent\"><img src=\"https://colab.research.google.com/assets/colab-badge.svg\" alt=\"Open In Colab\"/></a>"
      ]
    },
    {
      "cell_type": "markdown",
      "id": "fifteen-sailing",
      "metadata": {
        "id": "fifteen-sailing"
      },
      "source": [
        "# Лабораторная работа №1\n",
        "## Выполнил Ананьев В.Д БСТ2105"
      ]
    },
    {
      "cell_type": "markdown",
      "id": "particular-syndicate",
      "metadata": {
        "id": "particular-syndicate"
      },
      "source": [
        "### Оглавление\n",
        "1. [Задание 1](#Задание-№1)\n",
        "2. [Задание 2](#Задание-№2)\n",
        "3. [Задание 3](#Задание-№3)\n",
        "4. [Вывод](#Вывод)"
      ]
    },
    {
      "cell_type": "markdown",
      "id": "arctic-stocks",
      "metadata": {
        "id": "arctic-stocks"
      },
      "source": [
        "### Задание №1\n",
        "<i> Вызвать функцию print() и передать туда строку Hello, World! </i>"
      ]
    },
    {
      "cell_type": "code",
      "execution_count": null,
      "id": "caring-truck",
      "metadata": {
        "scrolled": true,
        "id": "caring-truck",
        "outputId": "94406841-9c4b-4ada-9c51-6b3dc3de66b6",
        "colab": {
          "base_uri": "https://localhost:8080/"
        }
      },
      "outputs": [
        {
          "output_type": "stream",
          "name": "stdout",
          "text": [
            "Hello, World!\n"
          ]
        }
      ],
      "source": [
        "print(\"Hello, World!\")"
      ]
    },
    {
      "cell_type": "markdown",
      "id": "maritime-conversation",
      "metadata": {
        "id": "maritime-conversation"
      },
      "source": [
        "### Задание №2\n",
        "Написать генератор случайных матриц(многомерных), который принимает\n",
        "опциональные параметры <b>m</b>, <b>n</b>, <b>min_limit</b>, <b>max_limit</b>, где <b>m</b> и <b>n</b> указывают размер\n",
        "матрицы, а <b>min_lim</b> и <b>max_lim</b> - минимальное и максимальное значение для\n",
        "генерируемого числа."
      ]
    },
    {
      "cell_type": "code",
      "execution_count": null,
      "id": "built-contact",
      "metadata": {
        "id": "built-contact"
      },
      "outputs": [],
      "source": [
        "import random\n",
        "import time"
      ]
    },
    {
      "cell_type": "code",
      "execution_count": null,
      "id": "alert-charm",
      "metadata": {
        "id": "alert-charm",
        "colab": {
          "base_uri": "https://localhost:8080/"
        },
        "outputId": "005b0b35-efb6-4590-a0ae-ab09260c7e70"
      },
      "outputs": [
        {
          "output_type": "stream",
          "name": "stdout",
          "text": [
            "30\n",
            "20\n",
            "-100\n",
            "200\n",
            "[-23, 94, 80, 182, -85, -83, -73, -79, 169, 185, -50, 31, 134, 158, -64, 81, 200, 174, 67, 41]\n",
            "[-88, 135, -9, 97, 165, -3, 8, 108, 30, 120, 11, 131, -68, 74, -66, 138, 189, -19, 6, -42]\n",
            "[46, -22, 11, 131, 111, 150, 90, 162, 101, 44, -40, 151, -89, -40, 27, 58, 152, -60, 134, 141]\n",
            "[-21, 71, 186, 169, 39, -39, -57, 152, 100, 171, -86, -71, 64, 173, 138, -4, 130, 72, 80, -100]\n",
            "[-55, 35, 112, -85, -71, 54, -32, 78, 93, 132, -55, -30, -49, -31, -71, 91, -60, 7, 9, -92]\n",
            "[-50, 151, 5, 113, -88, -58, 147, 82, 160, 14, -96, 111, 200, 67, -89, 75, 58, -62, -40, 135]\n",
            "[35, 126, 15, -93, -27, 14, 90, 49, 145, 179, 61, 175, -65, 33, -74, 39, 66, 97, 99, -15]\n",
            "[-93, 73, -26, -57, 68, -45, -68, -39, 107, 158, 127, 73, -20, -63, 125, 100, 145, 146, -2, 7]\n",
            "[24, -14, 4, 178, -11, -35, 10, 15, -2, 48, 188, 49, 146, 140, 86, 36, 154, 200, 134, -8]\n",
            "[19, 147, 189, 144, -81, -53, 42, 171, 165, 30, 27, 16, 63, -30, 152, -34, -74, 95, 9, -13]\n",
            "[159, -2, -81, 85, -17, 109, -75, 41, 58, 8, 196, -19, 143, 90, -35, -17, 117, -64, 142, 95]\n",
            "[63, 129, -59, 114, -38, 121, 194, 103, 138, 194, 84, -74, 197, 157, 153, 62, 73, 1, 136, -24]\n",
            "[-57, 122, 56, 139, 29, 143, 187, -66, -43, 108, -85, 66, 73, -47, -54, -92, 67, -54, -44, -55]\n",
            "[6, 111, -80, 166, 57, 103, 120, -30, 62, 44, -100, 88, 106, 20, -47, 133, 25, -93, 96, -1]\n",
            "[53, 155, 161, 120, -27, 150, 97, 167, 45, 86, -22, 71, 31, 191, 178, -40, -73, -100, 63, 21]\n",
            "[55, 8, -83, 8, 147, 136, -55, -65, 107, -32, 182, 39, 66, 60, 120, 88, 37, 190, 97, 138]\n",
            "[61, 12, 122, -21, 136, -44, 133, 102, 10, 80, -81, 125, -47, 69, 161, 109, 184, 117, 116, 163]\n",
            "[-49, 114, 162, 49, 64, 40, -54, 142, 145, 31, -13, 101, 75, 190, 22, -77, 106, 77, -48, 163]\n",
            "[76, 106, 39, 48, 198, 5, 27, 198, 84, -33, 56, 62, 68, 149, 178, -95, -45, -16, 126, 39]\n",
            "[72, 149, 96, -78, 103, 65, 86, 50, -66, 175, 123, 60, 39, 168, -39, 10, 123, 97, 20, -68]\n",
            "[100, -28, 184, 142, -73, 108, 179, 141, 27, 112, -23, 139, 178, 189, -1, 124, 28, 61, -33, 14]\n",
            "[-12, 188, -24, 107, 136, -11, 35, -8, 65, 153, 6, -7, 135, -11, 158, 71, 7, 86, -96, 66]\n",
            "[-29, -45, -37, -42, 173, -82, -73, 14, 141, -90, 192, -57, 38, -4, -5, 23, 140, 154, 161, 66]\n",
            "[-2, 158, 97, -99, 112, 82, 137, 56, -39, -72, 95, 111, 101, 144, 138, -18, -66, 185, -49, 133]\n",
            "[-69, 132, -44, 39, 83, -3, -78, -100, -65, -61, -89, 46, 64, 55, 163, -22, 157, 85, 174, -35]\n",
            "[-44, 126, 109, 192, 61, -66, -88, 180, 79, 173, 199, -2, 14, 199, 60, -90, 68, -6, -9, 187]\n",
            "[170, 162, 91, 156, -90, 13, -20, 159, -42, 159, -24, 92, 97, 85, 148, 175, -30, -21, 67, 159]\n",
            "[-61, 150, 188, -75, -54, 143, -88, -17, 104, 101, 60, -97, 56, 165, 105, 88, 26, -2, 112, 166]\n",
            "[-67, 103, -22, 193, 69, 116, -70, 175, -6, -75, 12, 174, 119, 81, 80, 7, 79, 128, 108, 199]\n",
            "[34, -68, -19, -46, 114, 17, 16, 20, -6, 130, -43, -25, -62, 5, 161, 172, -40, 88, 103, 22]\n"
          ]
        }
      ],
      "source": [
        "user_m = int(input())\n",
        "user_n = int(input())\n",
        "user_min_limit = int(input())\n",
        "user_max_limit = int(input())\n",
        "matrix = [ [ random.randint(user_min_limit, user_max_limit) for j in range(user_n)] for i in range(user_m) ]\n",
        "for i in range(int(user_m)):\n",
        "  print(matrix[i])"
      ]
    },
    {
      "cell_type": "markdown",
      "id": "catholic-roots",
      "metadata": {
        "id": "catholic-roots"
      },
      "source": [
        "### Задание №3\n",
        "Реализовать методы сортировки строк числовой матрицы в соответствии с\n",
        "заданием. Оценить время работы каждого алгоритма сортировки и сравнить его со\n",
        "временем стандартной функции сортировки. Испытания проводить на сгенерированных\n",
        "матрицах."
      ]
    },
    {
      "cell_type": "code",
      "execution_count": null,
      "id": "opposed-creature",
      "metadata": {
        "id": "opposed-creature"
      },
      "outputs": [],
      "source": [
        "import copy"
      ]
    },
    {
      "cell_type": "code",
      "execution_count": null,
      "id": "cleared-anniversary",
      "metadata": {
        "id": "cleared-anniversary",
        "outputId": "4e37dde1-07dc-40cd-ea21-2041b1599474",
        "colab": {
          "base_uri": "https://localhost:8080/"
        }
      },
      "outputs": [
        {
          "output_type": "stream",
          "name": "stdout",
          "text": [
            "Сортировка....\\\n",
            "[-85, -83, -79, -73, -64, -50, -23, 31, 41, 67, 80, 81, 94, 134, 158, 169, 174, 182, 185, 200]\n",
            "[-88, -68, -66, -42, -19, -9, -3, 6, 8, 11, 30, 74, 97, 108, 120, 131, 135, 138, 165, 189]\n",
            "[-89, -60, -40, -40, -22, 11, 27, 44, 46, 58, 90, 101, 111, 131, 134, 141, 150, 151, 152, 162]\n",
            "[-100, -86, -71, -57, -39, -21, -4, 39, 64, 71, 72, 80, 100, 130, 138, 152, 169, 171, 173, 186]\n",
            "[-92, -85, -71, -71, -60, -55, -55, -49, -32, -31, -30, 7, 9, 35, 54, 78, 91, 93, 112, 132]\n",
            "[-96, -89, -88, -62, -58, -50, -40, 5, 14, 58, 67, 75, 82, 111, 113, 135, 147, 151, 160, 200]\n",
            "[-93, -74, -65, -27, -15, 14, 15, 33, 35, 39, 49, 61, 66, 90, 97, 99, 126, 145, 175, 179]\n",
            "[-93, -68, -63, -57, -45, -39, -26, -20, -2, 7, 68, 73, 73, 100, 107, 125, 127, 145, 146, 158]\n",
            "[-35, -14, -11, -8, -2, 4, 10, 15, 24, 36, 48, 49, 86, 134, 140, 146, 154, 178, 188, 200]\n",
            "[-81, -74, -53, -34, -30, -13, 9, 16, 19, 27, 30, 42, 63, 95, 144, 147, 152, 165, 171, 189]\n",
            "[-81, -75, -64, -35, -19, -17, -17, -2, 8, 41, 58, 85, 90, 95, 109, 117, 142, 143, 159, 196]\n",
            "[-74, -59, -38, -24, 1, 62, 63, 73, 84, 103, 114, 121, 129, 136, 138, 153, 157, 194, 194, 197]\n",
            "[-92, -85, -66, -57, -55, -54, -54, -47, -44, -43, 29, 56, 66, 67, 73, 108, 122, 139, 143, 187]\n",
            "[-100, -93, -80, -47, -30, -1, 6, 20, 25, 44, 57, 62, 88, 96, 103, 106, 111, 120, 133, 166]\n",
            "[-100, -73, -40, -27, -22, 21, 31, 45, 53, 63, 71, 86, 97, 120, 150, 155, 161, 167, 178, 191]\n",
            "[-83, -65, -55, -32, 8, 8, 37, 39, 55, 60, 66, 88, 97, 107, 120, 136, 138, 147, 182, 190]\n",
            "[-81, -47, -44, -21, 10, 12, 61, 69, 80, 102, 109, 116, 117, 122, 125, 133, 136, 161, 163, 184]\n",
            "[-77, -54, -49, -48, -13, 22, 31, 40, 49, 64, 75, 77, 101, 106, 114, 142, 145, 162, 163, 190]\n",
            "[-95, -45, -33, -16, 5, 27, 39, 39, 48, 56, 62, 68, 76, 84, 106, 126, 149, 178, 198, 198]\n",
            "[-78, -68, -66, -39, 10, 20, 39, 50, 60, 65, 72, 86, 96, 97, 103, 123, 123, 149, 168, 175]\n",
            "[-73, -33, -28, -23, -1, 14, 27, 28, 61, 100, 108, 112, 124, 139, 141, 142, 178, 179, 184, 189]\n",
            "[-96, -24, -12, -11, -11, -8, -7, 6, 7, 35, 65, 66, 71, 86, 107, 135, 136, 153, 158, 188]\n",
            "[-90, -82, -73, -57, -45, -42, -37, -29, -5, -4, 14, 23, 38, 66, 140, 141, 154, 161, 173, 192]\n",
            "[-99, -72, -66, -49, -39, -18, -2, 56, 82, 95, 97, 101, 111, 112, 133, 137, 138, 144, 158, 185]\n",
            "[-100, -89, -78, -69, -65, -61, -44, -35, -22, -3, 39, 46, 55, 64, 83, 85, 132, 157, 163, 174]\n",
            "[-90, -88, -66, -44, -9, -6, -2, 14, 60, 61, 68, 79, 109, 126, 173, 180, 187, 192, 199, 199]\n",
            "[-90, -42, -30, -24, -21, -20, 13, 67, 85, 91, 92, 97, 148, 156, 159, 159, 159, 162, 170, 175]\n",
            "[-97, -88, -75, -61, -54, -17, -2, 26, 56, 60, 88, 101, 104, 105, 112, 143, 150, 165, 166, 188]\n",
            "[-75, -70, -67, -22, -6, 7, 12, 69, 79, 80, 81, 103, 108, 116, 119, 128, 174, 175, 193, 199]\n",
            "[-68, -62, -46, -43, -40, -25, -19, -6, 5, 16, 17, 20, 22, 34, 88, 103, 114, 130, 161, 172]\n"
          ]
        }
      ],
      "source": [
        "# Сортировка выбором.\n",
        "# Берётся срез массива, в котором минимальный элемент переносят в самый левый угол,\n",
        "# после чего срез уменьшается и цикл повторяется.\n",
        "def selectionSort(a):\n",
        "  for i in range(len(a) - 1):\n",
        "      min = i\n",
        "      for j in range(i + 1, len(a)):\n",
        "          if a[j] < a[min]:\n",
        "              min = j\n",
        "      a[i], a[min] = a[min], a[i]\n",
        "  print(a)\n",
        "\n",
        "start_time = time.time()\n",
        "#TODO\n",
        "print(\"Сортировка....\\\\\")\n",
        "for i in range(user_m):\n",
        "  m = copy.copy(matrix[i])\n",
        "  selectionSort(m)\n",
        "selTime = (time.time() - start_time)*1000"
      ]
    },
    {
      "cell_type": "code",
      "execution_count": null,
      "id": "roman-silly",
      "metadata": {
        "scrolled": true,
        "id": "roman-silly",
        "outputId": "ebb3894c-83b8-4779-c3f2-3becad9ead43",
        "colab": {
          "base_uri": "https://localhost:8080/"
        }
      },
      "outputs": [
        {
          "output_type": "stream",
          "name": "stdout",
          "text": [
            "Сортировка....\\\n",
            "[-85, -83, -79, -73, -64, -50, -23, 31, 41, 67, 80, 81, 94, 134, 158, 169, 174, 182, 185, 200]\n",
            "[-88, -68, -66, -42, -19, -9, -3, 6, 8, 11, 30, 74, 97, 108, 120, 131, 135, 138, 165, 189]\n",
            "[-89, -60, -40, -40, -22, 11, 27, 44, 46, 58, 90, 101, 111, 131, 134, 141, 150, 151, 152, 162]\n",
            "[-100, -86, -71, -57, -39, -21, -4, 39, 64, 71, 72, 80, 100, 130, 138, 152, 169, 171, 173, 186]\n",
            "[-92, -85, -71, -71, -60, -55, -55, -49, -32, -31, -30, 7, 9, 35, 54, 78, 91, 93, 112, 132]\n",
            "[-96, -89, -88, -62, -58, -50, -40, 5, 14, 58, 67, 75, 82, 111, 113, 135, 147, 151, 160, 200]\n",
            "[-93, -74, -65, -27, -15, 14, 15, 33, 35, 39, 49, 61, 66, 90, 97, 99, 126, 145, 175, 179]\n",
            "[-93, -68, -63, -57, -45, -39, -26, -20, -2, 7, 68, 73, 73, 100, 107, 125, 127, 145, 146, 158]\n",
            "[-35, -14, -11, -8, -2, 4, 10, 15, 24, 36, 48, 49, 86, 134, 140, 146, 154, 178, 188, 200]\n",
            "[-81, -74, -53, -34, -30, -13, 9, 16, 19, 27, 30, 42, 63, 95, 144, 147, 152, 165, 171, 189]\n",
            "[-81, -75, -64, -35, -19, -17, -17, -2, 8, 41, 58, 85, 90, 95, 109, 117, 142, 143, 159, 196]\n",
            "[-74, -59, -38, -24, 1, 62, 63, 73, 84, 103, 114, 121, 129, 136, 138, 153, 157, 194, 194, 197]\n",
            "[-92, -85, -66, -57, -55, -54, -54, -47, -44, -43, 29, 56, 66, 67, 73, 108, 122, 139, 143, 187]\n",
            "[-100, -93, -80, -47, -30, -1, 6, 20, 25, 44, 57, 62, 88, 96, 103, 106, 111, 120, 133, 166]\n",
            "[-100, -73, -40, -27, -22, 21, 31, 45, 53, 63, 71, 86, 97, 120, 150, 155, 161, 167, 178, 191]\n",
            "[-83, -65, -55, -32, 8, 8, 37, 39, 55, 60, 66, 88, 97, 107, 120, 136, 138, 147, 182, 190]\n",
            "[-81, -47, -44, -21, 10, 12, 61, 69, 80, 102, 109, 116, 117, 122, 125, 133, 136, 161, 163, 184]\n",
            "[-77, -54, -49, -48, -13, 22, 31, 40, 49, 64, 75, 77, 101, 106, 114, 142, 145, 162, 163, 190]\n",
            "[-95, -45, -33, -16, 5, 27, 39, 39, 48, 56, 62, 68, 76, 84, 106, 126, 149, 178, 198, 198]\n",
            "[-78, -68, -66, -39, 10, 20, 39, 50, 60, 65, 72, 86, 96, 97, 103, 123, 123, 149, 168, 175]\n",
            "[-73, -33, -28, -23, -1, 14, 27, 28, 61, 100, 108, 112, 124, 139, 141, 142, 178, 179, 184, 189]\n",
            "[-96, -24, -12, -11, -11, -8, -7, 6, 7, 35, 65, 66, 71, 86, 107, 135, 136, 153, 158, 188]\n",
            "[-90, -82, -73, -57, -45, -42, -37, -29, -5, -4, 14, 23, 38, 66, 140, 141, 154, 161, 173, 192]\n",
            "[-99, -72, -66, -49, -39, -18, -2, 56, 82, 95, 97, 101, 111, 112, 133, 137, 138, 144, 158, 185]\n",
            "[-100, -89, -78, -69, -65, -61, -44, -35, -22, -3, 39, 46, 55, 64, 83, 85, 132, 157, 163, 174]\n",
            "[-90, -88, -66, -44, -9, -6, -2, 14, 60, 61, 68, 79, 109, 126, 173, 180, 187, 192, 199, 199]\n",
            "[-90, -42, -30, -24, -21, -20, 13, 67, 85, 91, 92, 97, 148, 156, 159, 159, 159, 162, 170, 175]\n",
            "[-97, -88, -75, -61, -54, -17, -2, 26, 56, 60, 88, 101, 104, 105, 112, 143, 150, 165, 166, 188]\n",
            "[-75, -70, -67, -22, -6, 7, 12, 69, 79, 80, 81, 103, 108, 116, 119, 128, 174, 175, 193, 199]\n",
            "[-68, -62, -46, -43, -40, -25, -19, -6, 5, 16, 17, 20, 22, 34, 88, 103, 114, 130, 161, 172]\n"
          ]
        }
      ],
      "source": [
        "# Сортировка вставкой.\n",
        "def insertSort(matrix):\n",
        "  for i in range(len(matrix)):\n",
        "    j = i\n",
        "    while j > 0 and matrix[j-1]>matrix[j]:\n",
        "      matrix[j-1], matrix[j] = matrix[j], matrix[j-1]\n",
        "      j = j-1\n",
        "  print(matrix)\n",
        "\n",
        "start_time = time.time()\n",
        "#TODO\n",
        "\n",
        "\n",
        "print(\"Сортировка....\\\\\")\n",
        "for i in range(user_m):\n",
        "  m = copy.copy(matrix[i])\n",
        "  insertSort(m)\n",
        "insertTime = (time.time() - start_time)*1000"
      ]
    },
    {
      "cell_type": "code",
      "execution_count": null,
      "id": "vital-implementation",
      "metadata": {
        "id": "vital-implementation",
        "outputId": "ea2afefb-20f6-4670-8111-f70d9c8152ac",
        "colab": {
          "base_uri": "https://localhost:8080/"
        }
      },
      "outputs": [
        {
          "output_type": "stream",
          "name": "stdout",
          "text": [
            "Сортировка....\\\n",
            "[-85, -83, -79, -73, -64, -50, -23, 31, 41, 67, 80, 81, 94, 134, 158, 169, 174, 182, 185, 200]\n",
            "[-88, -68, -66, -42, -19, -9, -3, 6, 8, 11, 30, 74, 97, 108, 120, 131, 135, 138, 165, 189]\n",
            "[-89, -60, -40, -40, -22, 11, 27, 44, 46, 58, 90, 101, 111, 131, 134, 141, 150, 151, 152, 162]\n",
            "[-100, -86, -71, -57, -39, -21, -4, 39, 64, 71, 72, 80, 100, 130, 138, 152, 169, 171, 173, 186]\n",
            "[-92, -85, -71, -71, -60, -55, -55, -49, -32, -31, -30, 7, 9, 35, 54, 78, 91, 93, 112, 132]\n",
            "[-96, -89, -88, -62, -58, -50, -40, 5, 14, 58, 67, 75, 82, 111, 113, 135, 147, 151, 160, 200]\n",
            "[-93, -74, -65, -27, -15, 14, 15, 33, 35, 39, 49, 61, 66, 90, 97, 99, 126, 145, 175, 179]\n",
            "[-93, -68, -63, -57, -45, -39, -26, -20, -2, 7, 68, 73, 73, 100, 107, 125, 127, 145, 146, 158]\n",
            "[-35, -14, -11, -8, -2, 4, 10, 15, 24, 36, 48, 49, 86, 134, 140, 146, 154, 178, 188, 200]\n",
            "[-81, -74, -53, -34, -30, -13, 9, 16, 19, 27, 30, 42, 63, 95, 144, 147, 152, 165, 171, 189]\n",
            "[-81, -75, -64, -35, -19, -17, -17, -2, 8, 41, 58, 85, 90, 95, 109, 117, 142, 143, 159, 196]\n",
            "[-74, -59, -38, -24, 1, 62, 63, 73, 84, 103, 114, 121, 129, 136, 138, 153, 157, 194, 194, 197]\n",
            "[-92, -85, -66, -57, -55, -54, -54, -47, -44, -43, 29, 56, 66, 67, 73, 108, 122, 139, 143, 187]\n",
            "[-100, -93, -80, -47, -30, -1, 6, 20, 25, 44, 57, 62, 88, 96, 103, 106, 111, 120, 133, 166]\n",
            "[-100, -73, -40, -27, -22, 21, 31, 45, 53, 63, 71, 86, 97, 120, 150, 155, 161, 167, 178, 191]\n",
            "[-83, -65, -55, -32, 8, 8, 37, 39, 55, 60, 66, 88, 97, 107, 120, 136, 138, 147, 182, 190]\n",
            "[-81, -47, -44, -21, 10, 12, 61, 69, 80, 102, 109, 116, 117, 122, 125, 133, 136, 161, 163, 184]\n",
            "[-77, -54, -49, -48, -13, 22, 31, 40, 49, 64, 75, 77, 101, 106, 114, 142, 145, 162, 163, 190]\n",
            "[-95, -45, -33, -16, 5, 27, 39, 39, 48, 56, 62, 68, 76, 84, 106, 126, 149, 178, 198, 198]\n",
            "[-78, -68, -66, -39, 10, 20, 39, 50, 60, 65, 72, 86, 96, 97, 103, 123, 123, 149, 168, 175]\n",
            "[-73, -33, -28, -23, -1, 14, 27, 28, 61, 100, 108, 112, 124, 139, 141, 142, 178, 179, 184, 189]\n",
            "[-96, -24, -12, -11, -11, -8, -7, 6, 7, 35, 65, 66, 71, 86, 107, 135, 136, 153, 158, 188]\n",
            "[-90, -82, -73, -57, -45, -42, -37, -29, -5, -4, 14, 23, 38, 66, 140, 141, 154, 161, 173, 192]\n",
            "[-99, -72, -66, -49, -39, -18, -2, 56, 82, 95, 97, 101, 111, 112, 133, 137, 138, 144, 158, 185]\n",
            "[-100, -89, -78, -69, -65, -61, -44, -35, -22, -3, 39, 46, 55, 64, 83, 85, 132, 157, 163, 174]\n",
            "[-90, -88, -66, -44, -9, -6, -2, 14, 60, 61, 68, 79, 109, 126, 173, 180, 187, 192, 199, 199]\n",
            "[-90, -42, -30, -24, -21, -20, 13, 67, 85, 91, 92, 97, 148, 156, 159, 159, 159, 162, 170, 175]\n",
            "[-97, -88, -75, -61, -54, -17, -2, 26, 56, 60, 88, 101, 104, 105, 112, 143, 150, 165, 166, 188]\n",
            "[-75, -70, -67, -22, -6, 7, 12, 69, 79, 80, 81, 103, 108, 116, 119, 128, 174, 175, 193, 199]\n",
            "[-68, -62, -46, -43, -40, -25, -19, -6, 5, 16, 17, 20, 22, 34, 88, 103, 114, 130, 161, 172]\n"
          ]
        }
      ],
      "source": [
        "# Сортировка обменом. || Сортировка пузырьком.\n",
        "def bubbleSort(matrix):\n",
        "  for i in range(len(matrix)-1):\n",
        "      for j in range(len(matrix)-i-1):\n",
        "          if matrix[j] > matrix[j+1]:\n",
        "              matrix[j], matrix[j+1] = matrix[j+1], matrix[j]\n",
        "  print(matrix)\n",
        "start_time = time.time()\n",
        "#TODO\n",
        "\n",
        "print(\"Сортировка....\\\\\")\n",
        "for i in range(user_m):\n",
        "  m = copy.copy(matrix[i])\n",
        "  bubbleSort(m)\n",
        "bubbleTime = (time.time() - start_time)*1000"
      ]
    },
    {
      "cell_type": "code",
      "execution_count": null,
      "id": "veterinary-glory",
      "metadata": {
        "id": "veterinary-glory",
        "outputId": "b61a9c7d-742d-44bb-89c5-5506cd874ba7",
        "colab": {
          "base_uri": "https://localhost:8080/"
        }
      },
      "outputs": [
        {
          "output_type": "stream",
          "name": "stdout",
          "text": [
            "Сортировка....\\\n",
            "[-85, -83, -79, -73, -64, -50, -23, 31, 41, 67, 80, 81, 94, 134, 158, 169, 174, 182, 185, 200]\n",
            "[-88, -68, -66, -42, -19, -9, -3, 6, 8, 11, 30, 74, 97, 108, 120, 131, 135, 138, 165, 189]\n",
            "[-89, -60, -40, -40, -22, 11, 27, 44, 46, 58, 90, 101, 111, 131, 134, 141, 150, 151, 152, 162]\n",
            "[-100, -86, -71, -57, -39, -21, -4, 39, 64, 71, 72, 80, 100, 130, 138, 152, 169, 171, 173, 186]\n",
            "[-92, -85, -71, -71, -60, -55, -55, -49, -32, -31, -30, 7, 9, 35, 54, 78, 91, 93, 112, 132]\n",
            "[-96, -89, -88, -62, -58, -50, -40, 5, 14, 58, 67, 75, 82, 111, 113, 135, 147, 151, 160, 200]\n",
            "[-93, -74, -65, -27, -15, 14, 15, 33, 35, 39, 49, 61, 66, 90, 97, 99, 126, 145, 175, 179]\n",
            "[-93, -68, -63, -57, -45, -39, -26, -20, -2, 7, 68, 73, 73, 100, 107, 125, 127, 145, 146, 158]\n",
            "[-35, -14, -11, -8, -2, 4, 10, 15, 24, 36, 48, 49, 86, 134, 140, 146, 154, 178, 188, 200]\n",
            "[-81, -74, -53, -34, -30, -13, 9, 16, 19, 27, 30, 42, 63, 95, 144, 147, 152, 165, 171, 189]\n",
            "[-81, -75, -64, -35, -19, -17, -17, -2, 8, 41, 58, 85, 90, 95, 109, 117, 142, 143, 159, 196]\n",
            "[-74, -59, -38, -24, 1, 62, 63, 73, 84, 103, 114, 121, 129, 136, 138, 153, 157, 194, 194, 197]\n",
            "[-92, -85, -66, -57, -55, -54, -54, -47, -44, -43, 29, 56, 66, 67, 73, 108, 122, 139, 143, 187]\n",
            "[-100, -93, -80, -47, -30, -1, 6, 20, 25, 44, 57, 62, 88, 96, 103, 106, 111, 120, 133, 166]\n",
            "[-100, -73, -40, -27, -22, 21, 31, 45, 53, 63, 71, 86, 97, 120, 150, 155, 161, 167, 178, 191]\n",
            "[-83, -65, -55, -32, 8, 8, 37, 39, 55, 60, 66, 88, 97, 107, 120, 136, 138, 147, 182, 190]\n",
            "[-81, -47, -44, -21, 10, 12, 61, 69, 80, 102, 109, 116, 117, 122, 125, 133, 136, 161, 163, 184]\n",
            "[-77, -54, -49, -48, -13, 22, 31, 40, 49, 64, 75, 77, 101, 106, 114, 142, 145, 162, 163, 190]\n",
            "[-95, -45, -33, -16, 5, 27, 39, 39, 48, 56, 62, 68, 76, 84, 106, 126, 149, 178, 198, 198]\n",
            "[-78, -68, -66, -39, 10, 20, 39, 50, 60, 65, 72, 86, 96, 97, 103, 123, 123, 149, 168, 175]\n",
            "[-73, -33, -28, -23, -1, 14, 27, 28, 61, 100, 108, 112, 124, 139, 141, 142, 178, 179, 184, 189]\n",
            "[-96, -24, -12, -11, -11, -8, -7, 6, 7, 35, 65, 66, 71, 86, 107, 135, 136, 153, 158, 188]\n",
            "[-90, -82, -73, -57, -45, -42, -37, -29, -5, -4, 14, 23, 38, 66, 140, 141, 154, 161, 173, 192]\n",
            "[-99, -72, -66, -49, -39, -18, -2, 56, 82, 95, 97, 101, 111, 112, 133, 137, 138, 144, 158, 185]\n",
            "[-100, -89, -78, -69, -65, -61, -44, -35, -22, -3, 39, 46, 55, 64, 83, 85, 132, 157, 163, 174]\n",
            "[-90, -88, -66, -44, -9, -6, -2, 14, 60, 61, 68, 79, 109, 126, 173, 180, 187, 192, 199, 199]\n",
            "[-90, -42, -30, -24, -21, -20, 13, 67, 85, 91, 92, 97, 148, 156, 159, 159, 159, 162, 170, 175]\n",
            "[-97, -88, -75, -61, -54, -17, -2, 26, 56, 60, 88, 101, 104, 105, 112, 143, 150, 165, 166, 188]\n",
            "[-75, -70, -67, -22, -6, 7, 12, 69, 79, 80, 81, 103, 108, 116, 119, 128, 174, 175, 193, 199]\n",
            "[-68, -62, -46, -43, -40, -25, -19, -6, 5, 16, 17, 20, 22, 34, 88, 103, 114, 130, 161, 172]\n"
          ]
        }
      ],
      "source": [
        "# Сортировка Шелла.\n",
        "start_time = time.time()\n",
        "def shellSort(matrix):\n",
        "  gap = len(matrix) // 2\n",
        "  while gap > 0:\n",
        "    for i in range(gap, len(matrix)):\n",
        "      cur = matrix[i]\n",
        "      pos = i\n",
        "      while pos >= gap and matrix[pos - gap] > cur:\n",
        "        matrix[pos] = matrix[pos - gap]\n",
        "        pos -= gap\n",
        "        matrix[pos] = cur\n",
        "    gap //= 2\n",
        "  print(matrix)\n",
        "#TODO\n",
        "print(\"Сортировка....\\\\\")\n",
        "for i in range(user_m):\n",
        "  m = copy.copy(matrix[i])\n",
        "  shellSort(m)\n",
        "shellTime = (time.time() - start_time)*1000"
      ]
    },
    {
      "cell_type": "code",
      "execution_count": null,
      "id": "correct-chaos",
      "metadata": {
        "id": "correct-chaos",
        "outputId": "92160bb9-4bd7-4e6a-e049-26cd5b691b5c",
        "colab": {
          "base_uri": "https://localhost:8080/"
        }
      },
      "outputs": [
        {
          "output_type": "stream",
          "name": "stdout",
          "text": [
            "Сортировка....\\\n",
            "[-85, -83, -79, -73, -64, -50, -23, 31, 41, 67, 80, 81, 94, 134, 158, 169, 174, 182, 185, 200]\n",
            "[-88, -68, -66, -42, -19, -9, -3, 6, 8, 11, 30, 74, 97, 108, 120, 131, 135, 138, 165, 189]\n",
            "[-89, -60, -40, -40, -22, 11, 27, 44, 46, 58, 90, 101, 111, 131, 134, 141, 150, 151, 152, 162]\n",
            "[-100, -86, -71, -57, -39, -21, -4, 39, 64, 71, 72, 80, 100, 130, 138, 152, 169, 171, 173, 186]\n",
            "[-92, -85, -71, -71, -60, -55, -55, -49, -32, -31, -30, 7, 9, 35, 54, 78, 91, 93, 112, 132]\n",
            "[-96, -89, -88, -62, -58, -50, -40, 5, 14, 58, 67, 75, 82, 111, 113, 135, 147, 151, 160, 200]\n",
            "[-93, -74, -65, -27, -15, 14, 15, 33, 35, 39, 49, 61, 66, 90, 97, 99, 126, 145, 175, 179]\n",
            "[-93, -68, -63, -57, -45, -39, -26, -20, -2, 7, 68, 73, 73, 100, 107, 125, 127, 145, 146, 158]\n",
            "[-35, -14, -11, -8, -2, 4, 10, 15, 24, 36, 48, 49, 86, 134, 140, 146, 154, 178, 188, 200]\n",
            "[-81, -74, -53, -34, -30, -13, 9, 16, 19, 27, 30, 42, 63, 95, 144, 147, 152, 165, 171, 189]\n",
            "[-81, -75, -64, -35, -19, -17, -17, -2, 8, 41, 58, 85, 90, 95, 109, 117, 142, 143, 159, 196]\n",
            "[-74, -59, -38, -24, 1, 62, 63, 73, 84, 103, 114, 121, 129, 136, 138, 153, 157, 194, 194, 197]\n",
            "[-92, -85, -66, -57, -55, -54, -54, -47, -44, -43, 29, 56, 66, 67, 73, 108, 122, 139, 143, 187]\n",
            "[-100, -93, -80, -47, -30, -1, 6, 20, 25, 44, 57, 62, 88, 96, 103, 106, 111, 120, 133, 166]\n",
            "[-100, -73, -40, -27, -22, 21, 31, 45, 53, 63, 71, 86, 97, 120, 150, 155, 161, 167, 178, 191]\n",
            "[-83, -65, -55, -32, 8, 8, 37, 39, 55, 60, 66, 88, 97, 107, 120, 136, 138, 147, 182, 190]\n",
            "[-81, -47, -44, -21, 10, 12, 61, 69, 80, 102, 109, 116, 117, 122, 125, 133, 136, 161, 163, 184]\n",
            "[-77, -54, -49, -48, -13, 22, 31, 40, 49, 64, 75, 77, 101, 106, 114, 142, 145, 162, 163, 190]\n",
            "[-95, -45, -33, -16, 5, 27, 39, 39, 48, 56, 62, 68, 76, 84, 106, 126, 149, 178, 198, 198]\n",
            "[-78, -68, -66, -39, 10, 20, 39, 50, 60, 65, 72, 86, 96, 97, 103, 123, 123, 149, 168, 175]\n",
            "[-73, -33, -28, -23, -1, 14, 27, 28, 61, 100, 108, 112, 124, 139, 141, 142, 178, 179, 184, 189]\n",
            "[-96, -24, -12, -11, -11, -8, -7, 6, 7, 35, 65, 66, 71, 86, 107, 135, 136, 153, 158, 188]\n",
            "[-90, -82, -73, -57, -45, -42, -37, -29, -5, -4, 14, 23, 38, 66, 140, 141, 154, 161, 173, 192]\n",
            "[-99, -72, -66, -49, -39, -18, -2, 56, 82, 95, 97, 101, 111, 112, 133, 137, 138, 144, 158, 185]\n",
            "[-100, -89, -78, -69, -65, -61, -44, -35, -22, -3, 39, 46, 55, 64, 83, 85, 132, 157, 163, 174]\n",
            "[-90, -88, -66, -44, -9, -6, -2, 14, 60, 61, 68, 79, 109, 126, 173, 180, 187, 192, 199, 199]\n",
            "[-90, -42, -30, -24, -21, -20, 13, 67, 85, 91, 92, 97, 148, 156, 159, 159, 159, 162, 170, 175]\n",
            "[-97, -88, -75, -61, -54, -17, -2, 26, 56, 60, 88, 101, 104, 105, 112, 143, 150, 165, 166, 188]\n",
            "[-75, -70, -67, -22, -6, 7, 12, 69, 79, 80, 81, 103, 108, 116, 119, 128, 174, 175, 193, 199]\n",
            "[-68, -62, -46, -43, -40, -25, -19, -6, 5, 16, 17, 20, 22, 34, 88, 103, 114, 130, 161, 172]\n"
          ]
        }
      ],
      "source": [
        "# Быстрая сортировка.\n",
        "def quickSort(s):\n",
        "  if len(s) <= 1:\n",
        "    return s\n",
        "  elem = s[0]\n",
        "  right = [i for i in s if i < elem ]\n",
        "  center = [i for i in s if i == elem ]\n",
        "  left = [i for i in s if i > elem ]\n",
        "  return quickSort(right) + center + quickSort(left)\n",
        "\n",
        "start_time = time.time()\n",
        "\n",
        "print(\"Сортировка....\\\\\")\n",
        "for i in range(user_m):\n",
        "  m = copy.copy(matrix[i])\n",
        "  print(quickSort(m))\n",
        "quickTime = (time.time() - start_time)*1000\n",
        "    "
      ]
    },
    {
      "cell_type": "code",
      "execution_count": null,
      "id": "french-czech",
      "metadata": {
        "id": "french-czech",
        "colab": {
          "base_uri": "https://localhost:8080/"
        },
        "outputId": "600d8503-0565-4d18-852f-1a600c15f065"
      },
      "outputs": [
        {
          "output_type": "stream",
          "name": "stdout",
          "text": [
            "Сортировка....\\\n",
            "[-85, -83, -79, -73, -64, -50, -23, 31, 41, 67, 80, 81, 94, 134, 158, 169, 174, 182, 185, 200]\n",
            "[-88, -68, -66, -42, -19, -9, -3, 6, 8, 11, 30, 74, 97, 108, 120, 131, 135, 138, 165, 189]\n",
            "[-89, -60, -40, -40, -22, 11, 27, 44, 46, 58, 90, 101, 111, 131, 134, 141, 150, 151, 152, 162]\n",
            "[-100, -86, -71, -57, -39, -21, -4, 39, 64, 71, 72, 80, 100, 130, 138, 152, 169, 171, 173, 186]\n",
            "[-92, -85, -71, -71, -60, -55, -55, -49, -32, -31, -30, 7, 9, 35, 54, 78, 91, 93, 112, 132]\n",
            "[-96, -89, -88, -62, -58, -50, -40, 5, 14, 58, 67, 75, 82, 111, 113, 135, 147, 151, 160, 200]\n",
            "[-93, -74, -65, -27, -15, 14, 15, 33, 35, 39, 49, 61, 66, 90, 97, 99, 126, 145, 175, 179]\n",
            "[-93, -68, -63, -57, -45, -39, -26, -20, -2, 7, 68, 73, 73, 100, 107, 125, 127, 145, 146, 158]\n",
            "[-35, -14, -11, -8, -2, 4, 10, 15, 24, 36, 48, 49, 86, 134, 140, 146, 154, 178, 188, 200]\n",
            "[-81, -74, -53, -34, -30, -13, 9, 16, 19, 27, 30, 42, 63, 95, 144, 147, 152, 165, 171, 189]\n",
            "[-81, -75, -64, -35, -19, -17, -17, -2, 8, 41, 58, 85, 90, 95, 109, 117, 142, 143, 159, 196]\n",
            "[-74, -59, -38, -24, 1, 62, 63, 73, 84, 103, 114, 121, 129, 136, 138, 153, 157, 194, 194, 197]\n",
            "[-92, -85, -66, -57, -55, -54, -54, -47, -44, -43, 29, 56, 66, 67, 73, 108, 122, 139, 143, 187]\n",
            "[-100, -93, -80, -47, -30, -1, 6, 20, 25, 44, 57, 62, 88, 96, 103, 106, 111, 120, 133, 166]\n",
            "[-100, -73, -40, -27, -22, 21, 31, 45, 53, 63, 71, 86, 97, 120, 150, 155, 161, 167, 178, 191]\n",
            "[-83, -65, -55, -32, 8, 8, 37, 39, 55, 60, 66, 88, 97, 107, 120, 136, 138, 147, 182, 190]\n",
            "[-81, -47, -44, -21, 10, 12, 61, 69, 80, 102, 109, 116, 117, 122, 125, 133, 136, 161, 163, 184]\n",
            "[-77, -54, -49, -48, -13, 22, 31, 40, 49, 64, 75, 77, 101, 106, 114, 142, 145, 162, 163, 190]\n",
            "[-95, -45, -33, -16, 5, 27, 39, 39, 48, 56, 62, 68, 76, 84, 106, 126, 149, 178, 198, 198]\n",
            "[-78, -68, -66, -39, 10, 20, 39, 50, 60, 65, 72, 86, 96, 97, 103, 123, 123, 149, 168, 175]\n",
            "[-73, -33, -28, -23, -1, 14, 27, 28, 61, 100, 108, 112, 124, 139, 141, 142, 178, 179, 184, 189]\n",
            "[-96, -24, -12, -11, -11, -8, -7, 6, 7, 35, 65, 66, 71, 86, 107, 135, 136, 153, 158, 188]\n",
            "[-90, -82, -73, -57, -45, -42, -37, -29, -5, -4, 14, 23, 38, 66, 140, 141, 154, 161, 173, 192]\n",
            "[-99, -72, -66, -49, -39, -18, -2, 56, 82, 95, 97, 101, 111, 112, 133, 137, 138, 144, 158, 185]\n",
            "[-100, -89, -78, -69, -65, -61, -44, -35, -22, -3, 39, 46, 55, 64, 83, 85, 132, 157, 163, 174]\n",
            "[-90, -88, -66, -44, -9, -6, -2, 14, 60, 61, 68, 79, 109, 126, 173, 180, 187, 192, 199, 199]\n",
            "[-90, -42, -30, -24, -21, -20, 13, 67, 85, 91, 92, 97, 148, 156, 159, 159, 159, 162, 170, 175]\n",
            "[-97, -88, -75, -61, -54, -17, -2, 26, 56, 60, 88, 101, 104, 105, 112, 143, 150, 165, 166, 188]\n",
            "[-75, -70, -67, -22, -6, 7, 12, 69, 79, 80, 81, 103, 108, 116, 119, 128, 174, 175, 193, 199]\n",
            "[-68, -62, -46, -43, -40, -25, -19, -6, 5, 16, 17, 20, 22, 34, 88, 103, 114, 130, 161, 172]\n"
          ]
        }
      ],
      "source": [
        "# Турнирная сортировка.\n",
        "def heapify(a, n, i):\n",
        "  max = i\n",
        "  left = 2*i+1\n",
        "  right = 2*i+2\n",
        "  if left < n and a[i] < a[left]:\n",
        "    max = left\n",
        "  if right < n and a[max] < a[right]:\n",
        "    max = right\n",
        "  \n",
        "  if max != i:\n",
        "    a[i], a[max] = a[max], a[i]\n",
        "    heapify(a, n, max)\n",
        "\n",
        "def heapSort(matrix):\n",
        "  for i in range(len(matrix)//2, -1, -1):\n",
        "    heapify(matrix, len(matrix), i)\n",
        "  for i in range(len(matrix)-1, 0, -1):\n",
        "    matrix[i], matrix[0] = matrix[0], matrix[i]\n",
        "    heapify(matrix, i, 0)\n",
        "  print(matrix)\n",
        "\n",
        "start_time = time.time()\n",
        "#TODO\n",
        "print(\"Сортировка....\\\\\")\n",
        "for i in range(user_m):\n",
        "  m = copy.copy(matrix[i])\n",
        "  heapSort(m)\n",
        "heapTime = (time.time() - start_time)*1000"
      ]
    },
    {
      "cell_type": "code",
      "source": [
        "print(\"Сортировка выбором: \" + str(selTime))\n",
        "print(\"Сортировка вставкой: \" + str(insertTime))\n",
        "print(\"Сортировка пузырьком: \" + str(bubbleTime))\n",
        "print(\"Сортировка Шелла: \" + str(shellTime))\n",
        "print(\"Сортировка быстрая: \" + str(quickTime))\n",
        "print(\"Сортировка турнирная: \" + str(heapTime))"
      ],
      "metadata": {
        "id": "Grk8wMIWtcBf",
        "colab": {
          "base_uri": "https://localhost:8080/"
        },
        "outputId": "ef0f63e2-b672-4b32-e832-ab180b7b682e"
      },
      "id": "Grk8wMIWtcBf",
      "execution_count": null,
      "outputs": [
        {
          "output_type": "stream",
          "name": "stdout",
          "text": [
            "Сортировка выбором: 12.546300888061523\n",
            "Сортировка вставкой: 12.50314712524414\n",
            "Сортировка пузырьком: 2.9816627502441406\n",
            "Сортировка Шелла: 3.0584335327148438\n",
            "Сортировка быстрая: 3.2808780670166016\n",
            "Сортировка турнирная: 20.792245864868164\n"
          ]
        }
      ]
    },
    {
      "cell_type": "markdown",
      "id": "rental-jerusalem",
      "metadata": {
        "id": "rental-jerusalem"
      },
      "source": [
        "### Вывод\n"
      ]
    },
    {
      "cell_type": "markdown",
      "id": "9d108a0a",
      "metadata": {
        "id": "9d108a0a"
      },
      "source": [
        "Я реализовал основные алгоритмы сортировки."
      ]
    }
  ],
  "metadata": {
    "kernelspec": {
      "display_name": "Python 3 (ipykernel)",
      "language": "python",
      "name": "python3"
    },
    "language_info": {
      "codemirror_mode": {
        "name": "ipython",
        "version": 3
      },
      "file_extension": ".py",
      "mimetype": "text/x-python",
      "name": "python",
      "nbconvert_exporter": "python",
      "pygments_lexer": "ipython3",
      "version": "3.10.2"
    },
    "colab": {
      "provenance": [],
      "include_colab_link": true
    }
  },
  "nbformat": 4,
  "nbformat_minor": 5
}